# Frame list with one line of data per frame:
#   FRAME_ID, RIG_ID, RIG_FROM_WORLD[QW, QX, QY, QZ, TX, TY, TZ], NUM_DATA_IDS, DATA_IDS[] as (SENSOR_TYPE, SENSOR_ID, DATA_ID)
# Number of frames: 22
1 1 0.60867235428934241 -0.02913555350793854 -0.72740946996780365 -0.31550681077722276 -0.20224863291154313 -2.4345536443577367 3.9285619404112655 1 CAMERA 1 1
2 1 0.94538960994618382 -0.018194968029323463 0.29165170391530909 0.14438390543101176 0.25352508141765739 -2.3056293770543452 3.5108319889445498 1 CAMERA 1 2
3 1 0.8730932303495168 -0.024211085078011136 -0.4487130272075327 -0.18915246149982567 0.013553605242922828 -2.6226635025049321 3.4358049470380316 1 CAMERA 1 3
4 1 0.97392503267467867 -0.015873521230964856 -0.20943382935644317 -0.085764405055084411 0.14706677865628343 -2.6100133182889391 3.5711511686536217 1 CAMERA 1 4
5 1 0.70558163534006202 -0.017234751175529826 0.6521123577155008 0.27677968158355143 0.057613062202712013 -2.1674487391295028 4.0348906372584326 1 CAMERA 1 5
6 1 0.99325471277155575 -0.025207854104372374 0.098441284499995313 0.055847588618828742 -0.010526627239194938 -2.5152235651882195 3.9035262519131768 1 CAMERA 1 6
7 1 0.99835717238324329 -0.01033845951108661 -0.056032297625477824 -0.0060377337373252651 0.37236050647237456 -2.6682293202639786 3.8019150692818431 1 CAMERA 1 7
8 1 -0.34893385060746368 0.030039198459767772 0.8575987307570303 0.3766526668697221 -0.33341528372101042 -2.3636873299908596 3.3781504104152704 1 CAMERA 1 8
9 1 0.3705942920749693 0.012546625467206708 0.84880576757906523 0.37687029837246627 0.1461291793766995 -2.3002576129626315 3.62887128472943 1 CAMERA 1 9
10 1 -0.26553943214033454 -0.013139295191077691 0.82878551635356679 0.49237255892567999 -0.023045684082228846 -1.103793858278028 2.8974139631630744 1 CAMERA 1 10
11 1 -0.07250067115649389 -0.018824593760994299 0.8314738014824129 0.5504912395306365 0.48247408947112552 -1.0206715371068724 2.7944475012373222 1 CAMERA 1 11
12 1 -0.2856224875769568 0.018979592609234579 0.86910830746839185 0.40337367234881105 -0.17071835237086186 -2.3410576924507382 3.122979461668892 1 CAMERA 1 12
13 1 0.15789230622092654 0.020327486930555038 0.90426262601846263 0.39618924278369716 0.14908478530637614 -2.1257198084619411 3.3848153674954862 1 CAMERA 1 13
14 1 -0.092876276501933502 0.01231235339841287 0.90948198490633236 0.40504928385045569 0.12706858534223925 -2.2098640497616739 3.7571001545901002 1 CAMERA 1 14
15 1 0.57146735657461545 -0.0083521136530214871 0.75689074309369109 0.31697272057107456 0.38184696465957541 -2.1299260979455288 3.9347053071821696 1 CAMERA 1 15
16 1 0.25155093189139682 0.046701699737085683 0.82221976569496069 0.50842476022196337 0.57852529418157383 -0.99863090712598401 2.9262075189276393 1 CAMERA 1 16
17 1 0.70614890500259619 0.099192871145156056 0.59455563674843148 0.37150786410018599 -0.053306663660833462 -1.4210926432431388 3.114887277828283 1 CAMERA 1 17
18 1 0.94655239368225752 0.11864551995388084 0.23766499120659951 0.18296764348930342 -0.10829609580148823 -1.3019553225432161 2.9571213707723554 1 CAMERA 1 18
19 1 0.99393210910418539 0.089160652542532789 -0.061221196540262354 -0.020032614010015472 -0.39839769794309843 -1.2477236063941988 3.2105132885075318 1 CAMERA 1 19
20 1 0.90253197119010786 0.070343494579879276 -0.37015108137618646 -0.20850901828465049 -0.4931714267645112 -0.95582876330064936 2.3956449570907679 1 CAMERA 1 20
21 1 0.70729734680627399 0.054631667346131764 -0.60300123578127673 -0.36487717627996441 -0.16948393385104296 -0.64799971686809643 2.2932872311832138 1 CAMERA 1 21
22 1 0.6389860762385644 0.2349080213481903 -0.46354719804214328 -0.56713226946348227 -0.25942654798947706 -0.19008283581416244 2.2113348556894423 1 CAMERA 1 22
